00111110111111111110000000001000
00111111000000000000111111111101
00111110111111111010000000111000
00111111000000000010111111110101
00111110111111110110000010010111
00111111000000000100111111100101
00111110111111110010000100100110
00111111000000000110111111001101
00111110111111101110000111100100
00111111000000001000111110101101
00111110111111101010001011010010
00111111000000001010111110000110
00111110111111100110001111101101
00111111000000001100111101010110
00111110111111100010010100111000
00111111000000001110111100011111
00111110111111011110011010110000
00111111000000010000111011011111
00111110111111011010100001010111
00111111000000010010111010011000
00111110111111010110101000101011
00111111000000010100111001001010
00111110111111010010110000101110
00111111000000010110110111110011
00111110111111001110111001011101
00111111000000011000110110010101
00111110111111001011000010111010
00111111000000011010110100101111
00111110111111000111001101000100
00111111000000011100110011000001
00111110111111000011010111111010
00111111000000011110110001001011
00111110111110111111100011011101
00111111000000100000101111001110
00111110111110111011101111101101
00111111000000100010101101001010
00111110111110110111111100101000
00111111000000100100101010111101
00111110111110110100001010010000
00111111000000100110101000101001
00111110111110110000011000100011
00111111000000101000100110001110
00111110111110101100100111100001
00111111000000101010100011101011
00111110111110101000110111001011
00111111000000101100100001000000
00111110111110100101000111100000
00111111000000101110011110001110
00111110111110100001011000100000
00111111000000110000011011010101
00111110111110011101101010001011
00111111000000110010011000010100
00111110111110011001111100100000
00111111000000110100010101001100
00111110111110010110001111100000
00111111000000110110010001111100
00111110111110010010100011001001
00111111000000111000001110100101
00111110111110001110110111011101
00111111000000111010001011000110
00111110111110001011001100011010
00111111000000111100000111100000
00111110111110000111100010000001
00111111000000111110000011110011
00111110111110000011111000010001
00111111000000111111111111111110
00111110111110000000001111001011
00111111000001000001111100000010
00111110111101111100100110101101
00111111000001000011110111111111
00111110111101111000111110111000
00111111000001000101110011110101
00111110111101110101010111101100
00111111000001000111101111100011
00111110111101110001110001001000
00111111000001001001101011001010
00111110111101101110001011001100
00111111000001001011100110101010
00111110111101101010100101111000
00111111000001001101100010000011
00111110111101100111000001001100
00111111000001001111011101010101
00111110111101100011011101001000
00111111000001010001011000011111
00111110111101011111111001101100
00111111000001010011010011100010
00111110111101011100010110110110
00111111000001010101001110011111
00111110111101011000110100101000
00111111000001010111001001010100
00111110111101010101010011000001
00111111000001011001000100000010
00111110111101010001110010000001
00111111000001011010111110101001
00111110111101001110010001100111
00111111000001011100111001001001
00111110111101001010110001110100
00111111000001011110110011100010
00111110111101000111010010100111
00111111000001100000101101110100
00111110111101000011110100000000
00111111000001100010100111111111
00111110111101000000010101111111
00111111000001100100100010000011
00111110111100111100111000100011
00111111000001100110011100000001
00111110111100111001011011101110
00111111000001101000010101110111
00111110111100110101111111011110
00111111000001101010001111100110
00111110111100110010100011110011
00111111000001101100001001001111
00111110111100101111001000101101
00111111000001101110000010110001
00111110111100101011101110001100
00111111000001101111111100001100
00111110111100101000010100010000
00111111000001110001110101100000
00111110111100100100111010111001
00111111000001110011101110101101
00111110111100100001100010000110
00111111000001110101100111110011
00111110111100011110001001110111
00111111000001110111100000110011
00111110111100011010110010001101
00111111000001111001011001101100
00111110111100010111011011000110
00111111000001111011010010011110
00111110111100010100000100100100
00111111000001111101001011001010
00111110111100010000101110100101
00111111000001111111000011101110
00111110111100001101011001001001
00111111000010000000111100001101
00111110111100001010000100010001
00111111000010000010110100100100
00111110111100000110101111111100
00111111000010000100101100110101
00111110111100000011011100001010
00111111000010000110100100111111
00111110111100000000001000111011
00111111000010001000011101000011
00111110111011111100110110001111
00111111000010001010010101000000
00111110111011111001100100000110
00111111000010001100001100110110
00111110111011110110010010011111
00111111000010001110000100100110
00111110111011110011000001011010
00111111000010001111111100001111
00111110111011101111110000111000
00111111000010010001110011110010
00111110111011101100100000110111
00111111000010010011101011001110
00111110111011101001010001011001
00111111000010010101100010100100
00111110111011100110000010011100
00111111000010010111011001110011
00111110111011100010110100000000
00111111000010011001010000111100
00111110111011011111100110000111
00111111000010011011000111111111
00111110111011011100011000101110
00111111000010011100111110111011
00111110111011011001001011110111
00111111000010011110110101110000
00111110111011010101111111100001
00111111000010100000101100011111
00111110111011010010110011101011
00111111000010100010100011001000
00111110111011001111101000010111
00111111000010100100011001101011
00111110111011001100011101100011
00111111000010100110010000000111
00111110111011001001010011001111
00111111000010101000000110011100
00111110111011000110001001011100
00111111000010101001111100101100
00111110111011000011000000001001
00111111000010101011110010110101
00111110111010111111110111010110
00111111000010101101101000111000
00111110111010111100101111000100
00111111000010101111011110110101
00111110111010111001100111010001
00111111000010110001010100101011
00111110111010110110011111111101
00111111000010110011001010011011
00111110111010110011011001001001
00111111000010110101000000000101
00111110111010110000010010110101
00111111000010110110110101101001
00111110111010101101001101000000
00111111000010111000101011000110
00111110111010101010000111101010
00111111000010111010100000011101
00111110111010100111000010110011
00111111000010111100010101101111
00111110111010100011111110011011
00111111000010111110001010111010
00111110111010100000111010100010
00111111000010111111111111111110
00111110111010011101110111001000
00111111000011000001110100111101
00111110111010011010110100001100
00111111000011000011101001110110
00111110111010010111110001101110
00111111000011000101011110101001
00111110111010010100101111101111
00111111000011000111010011010101
00111110111010010001101110001110
00111111000011001001000111111100
00111110111010001110101101001011
00111111000011001010111100011100
00111110111010001011101100100110
00111111000011001100110000110110
00111110111010001000101100011111
00111111000011001110100101001011
00111110111010000101101100110101
00111111000011010000011001011001
00111110111010000010101101101001
00111111000011010010001101100010
00111110111001111111101110111011
00111111000011010100000001100100
00111110111001111100110000101001
00111111000011010101110101100000
00111110111001111001110010110101
00111111000011010111101001010111
00111110111001110110110101011110
00111111000011011001011101001000
00111110111001110011111000100101
00111111000011011011010000110010
00111110111001110000111100000111
00111111000011011101000100010111
00111110111001101110000000000111
00111111000011011110110111110110
00111110111001101011000100100011
00111111000011100000101011001111
00111110111001101000001001011100
00111111000011100010011110100010
00111110111001100101001110110010
00111111000011100100010001110000
00111110111001100010010100100011
00111111000011100110000100110111
00111110111001011111011010110001
00111111000011100111110111111001
00111110111001011100100001011011
00111111000011101001101010110101
00111110111001011001101000100000
00111111000011101011011101101011
00111110111001010110110000000010
00111111000011101101010000011100
00111110111001010011110111111111
00111111000011101111000011000110
00111110111001010001000000011000
00111111000011110000110101101011
00111110111001001110001001001101
00111111000011110010101000001010
00111110111001001011010010011101
00111111000011110100011010100100
00111110111001001000011100001000
00111111000011110110001100110111
00111110111001000101100110001111
00111111000011110111111111000101
00111110111001000010110000110000
00111111000011111001110001001110
00111110111000111111111011101101
00111111000011111011100011010001
00111110111000111101000111000101
00111111000011111101010101001110
00111110111000111010010010110111
00111111000011111111000111000101
00111110111000110111011111000100
00111111000100000000111000110111
00111110111000110100101011101011
00111111000100000010101010100011
00111110111000110001111000101101
00111111000100000100011100001010
00111110111000101111000110001010
00111111000100000110001101101011
00111110111000101100010100000001
00111111000100000111111111000110
00111110111000101001100010010001
00111111000100001001110000011100
00111110111000100110110000111100
00111111000100001011100001101100
00111110111000100100000000000001
00111111000100001101010010110111
00111110111000100001001111100000
00111111000100001111000011111100
00111110111000011110011111011001
00111111000100010000110100111100
00111110111000011011101111101011
00111111000100010010100101110110
00111110111000011001000000010111
00111111000100010100010110101011
00111110111000010110010001011100
00111111000100010110000111011010
00111110111000010011100010111011
00111111000100010111111000000100
00111110111000010000110100110011
00111111000100011001101000101000
00111110111000001110000111000101
00111111000100011011011001000111
00111110111000001011011001101111
00111111000100011101001001100001
00111110111000001000101100110010
00111111000100011110111001110101
00111110111000000110000000001111
00111111000100100000101010000100
00111110111000000011010100000100
00111111000100100010011010001101
00111110111000000000101000010010
00111111000100100100001010010001
00111110110111111101111100111000
00111111000100100101111010001111
00111110110111111011010001110111
00111111000100100111101010001001
00111110110111111000100111001111
00111111000100101001011001111101
00111110110111110101111100111111
00111111000100101011001001101011
00111110110111110011010011000111
00111111000100101100111001010100
00111110110111110000101001100111
00111111000100101110101000111000
00111110110111101110000000100000
00111111000100110000011000010111
00111110110111101011010111110000
00111111000100110010000111110000
00111110110111101000101111011001
00111111000100110011110111000100
00111110110111100110000111011001
00111111000100110101100110010011
00111110110111100011011111110001
00111111000100110111010101011101
00111110110111100000111000100000
00111111000100111001000100100001
00111110110111011110010001101000
00111111000100111010110011100000
00111110110111011011101011000110
00111111000100111100100010011010
00111110110111011001000100111100
00111111000100111110010001001111
00111110110111010110011111001010
00111111000100111111111111111111
00111110110111010011111001101110
00111111000101000001101110101001
00111110110111010001010100101010
00111111000101000011011101001110
00111110110111001110101111111101
00111111000101000101001011101110
00111110110111001100001011100111
00111111000101000110111010001001
00111110110111001001100111100111
00111111000101001000101000011111
00111110110111000111000011111111
00111111000101001010010110110000
00111110110111000100100000101101
00111111000101001100000100111011
00111110110111000001111101110010
00111111000101001101110011000010
00111110110110111111011011001101
00111111000101001111100001000011
00111110110110111100111000111111
00111111000101010001001111000000
00111110110110111010010111000111
00111111000101010010111100110111
00111110110110110111110101100110
00111111000101010100101010101001
00111110110110110101010100011011
00111111000101010110011000010110
00111110110110110010110011100110
00111111000101011000000101111110
00111110110110110000010011000111
00111111000101011001110011100001
00111110110110101101110010111110
00111111000101011011100001000000
00111110110110101011010011001011
00111111000101011101001110011001
00111110110110101000110011101110
00111111000101011110111011101101
00111110110110100110010100100110
00111111000101100000101000111100
00111110110110100011110101110101
00111111000101100010010110000110
00111110110110100001010111011001
00111111000101100100000011001011
00111110110110011110111001010010
00111111000101100101110000001011
00111110110110011100011011100001
00111111000101100111011101000111
00111110110110011001111110000101
00111111000101101001001001111101
00111110110110010111100000111111
00111111000101101010110110101111
00111110110110010101000100001110
00111111000101101100100011011011
00111110110110010010100111110010
00111111000101101110010000000011
00111110110110010000001011101011
00111111000101101111111100100110
00111110110110001101101111111001
00111111000101110001101001000100
00111110110110001011010100011100
00111111000101110011010101011101
00111110110110001000111001010100
00111111000101110101000001110001
00111110110110000110011110100000
00111111000101110110101110000000
00111110110110000100000100000010
00111111000101111000011010001011
00111110110110000001101001111000
00111111000101111010000110010001
00111110110101111111010000000011
00111111000101111011110010010010
00111110110101111100110110100010
00111111000101111101011110001110
00111110110101111010011101010101
00111111000101111111001010000101
00111110110101111000000100011101
00111111000110000000110101110111
00111110110101110101101011111001
00111111000110000010100001100101
00111110110101110011010011101010
00111111000110000100001101001110
00111110110101110000111011101111
00111111000110000101111000110010
00111110110101101110100100000111
00111111000110000111100100010010
00111110110101101100001100110100
00111111000110001001001111101101
00111110110101101001110101110101
00111111000110001010111011000011
00111110110101100111011111001001
00111111000110001100100110010100
00111110110101100101001000110001
00111111000110001110010001100001
00111110110101100010110010101101
00111111000110001111111100101001
00111110110101100000011100111101
00111111000110010001100111101100
00111110110101011110000111100001
00111111000110010011010010101010
00111110110101011011110010010111
00111111000110010100111101100100
00111110110101011001011101100010
00111111000110010110101000011010
00111110110101010111001001000000
00111111000110011000010011001010
00111110110101010100110100110001
00111111000110011001111101110110
00111110110101010010100000110101
00111111000110011011101000011110
00111110110101010000001101001101
00111111000110011101010011000000
00111110110101001101111001110111
00111111000110011110111101011110
00111110110101001011100110110101
00111111000110100000100111111000
00111110110101001001010100000110
00111111000110100010010010001101
00111110110101000111000001101010
00111111000110100011111100011101
00111110110101000100101111100001
00111111000110100101100110101001
00111110110101000010011101101010
00111111000110100111010000110000
00111110110101000000001100000110
00111111000110101000111010110011
00111110110100111101111010110101
00111111000110101010100100110001
00111110110100111011101001110111
00111111000110101100001110101010
00111110110100111001011001001011
00111111000110101101111000100000
00111110110100110111001000110010
00111111000110101111100010010000
00111110110100110100111000101011
00111111000110110001001011111100
00111110110100110010101000110110
00111111000110110010110101100100
00111110110100110000011001010100
00111111000110110100011111000111
00111110110100101110001010000100
00111111000110110110001000100101
00111110110100101011111011000111
00111111000110110111110001111111
00111110110100101001101100011011
00111111000110111001011011010101
00111110110100100111011110000010
00111111000110111011000100100110
00111110110100100101001111111010
00111111000110111100101101110011
00111110110100100011000010000101
00111111000110111110010110111011
00111110110100100000110100100010
00111111000110111111111111111111
00111110110100011110100111010000
00111111000111000001101000111110
00111110110100011100011010010000
00111111000111000011010001111001
00111110110100011010001101100010
00111111000111000100111010110000
00111110110100011000000001000101
00111111000111000110100011100010
00111110110100010101110100111011
00111111000111001000001100010000
00111110110100010011101001000001
00111111000111001001110100111010
00111110110100010001011101011010
00111111000111001011011101011111
00111110110100001111010010000011
00111111000111001101000101111111
00111110110100001101000110111110
00111111000111001110101110011100
00111110110100001010111100001011
00111111000111010000010110110100
00111110110100001000110001101000
00111111000111010001111111001000
00111110110100000110100111010111
00111111000111010011100111010111
00111110110100000100011101010111
00111111000111010101001111100010
00111110110100000010010011101001
00111111000111010110110111101001
00111110110100000000001010001011
00111111000111011000011111101011
00111110110011111110000000111110
00111111000111011010000111101001
00111110110011111011111000000010
00111111000111011011101111100011
00111110110011111001101111010111
00111111000111011101010111011001
00111110110011110111100110111101
00111111000111011110111111001010
00111110110011110101011110110100
00111111000111100000100110110111
00111110110011110011010110111011
00111111000111100010001110100000
00111110110011110001001111010011
00111111000111100011110110000101
00111110110011101111000111111100
00111111000111100101011101100101
00111110110011101101000000110101
00111111000111100111000101000001
00111110110011101010111001111111
00111111000111101000101100011001
00111110110011101000110011011001
00111111000111101010010011101101
00111110110011100110101101000100
00111111000111101011111010111100
00111110110011100100100110111111
00111111000111101101100010001000
00111110110011100010100001001010
00111111000111101111001001001111
00111110110011100000011011100110
00111111000111110000110000010010
00111110110011011110010110010010
00111111000111110010010111010001
00111110110011011100010001001110
00111111000111110011111110001011
00111110110011011010001100011010
00111111000111110101100101000010
00111110110011011000000111110110
00111111000111110111001011110100
00111110110011010110000011100010
00111111000111111000110010100010
00111110110011010011111111011110
00111111000111111010011001001100
00111110110011010001111011101010
00111111000111111011111111110010
00111110110011001111111000000110
00111111000111111101100110010100
00111110110011001101110100110010
00111111000111111111001100110010
00111110110011001011110001101101
00111111001000000000110011001011
00111110110011001001101110111000
00111111001000000010011001100001
00111110110011000111101100010011
00111111001000000011111111110010
00111110110011000101101001111101
00111111001000000101100110000000
00111110110011000011100111110111
00111111001000000111001100001001
00111110110011000001100110000001
00111111001000001000110010001110
00111110110010111111100100011010
00111111001000001010011000001111
00111110110010111101100011000010
00111111001000001011111110001100
00111110110010111011100001111001
00111111001000001101100100000101
00111110110010111001100001000000
00111111001000001111001001111010
00111110110010110111100000010111
00111111001000010000101111101011
00111110110010110101011111111100
00111111001000010010010101011000
00111110110010110011011111110001
00111111001000010011111011000001
00111110110010110001011111110101
00111111001000010101100000100110
00111110110010101111100000000111
00111111001000010111000110000111
00111110110010101101100000101001
00111111001000011000101011100100
00111110110010101011100001011010
00111111001000011010010000111110
00111110110010101001100010011010
00111111001000011011110110010011
00111110110010100111100011101001
00111111001000011101011011100100
00111110110010100101100101000110
00111111001000011111000000110001
00111110110010100011100110110011
00111111001000100000100101111010
00111110110010100001101000101110
00111111001000100010001010111111
00111110110010011111101010111000
00111111001000100011110000000001
00111110110010011101101101010001
00111111001000100101010100111110
00111110110010011011101111111000
00111111001000100110111001110111
00111110110010011001110010101110
00111111001000101000011110101101
00111110110010010111110101110010
00111111001000101010000011011111
00111110110010010101111001000101
00111111001000101011101000001100
00111110110010010011111100100110
00111111001000101101001100110110
00111110110010010010000000010110
00111111001000101110110001011100
00111110110010010000000100010100
00111111001000110000010101111110
00111110110010001110001000100000
00111111001000110001111010011100
00111110110010001100001100111011
00111111001000110011011110110111
00111110110010001010010001100100
00111111001000110101000011001101
00111110110010001000010110011011
00111111001000110110100111100000
00111110110010000110011011100000
00111111001000111000001011101111
00111110110010000100100000110011
00111111001000111001101111111010
00111110110010000010100110010101
00111111001000111011010100000001
00111110110010000000101100000100
00111111001000111100111000000100
00111110110001111110110010000010
00111111001000111110011100000011
00111110110001111100111000001101
00111111001000111111111111111111
00111110110001111010111110100110
00111111001001000001100011110111
00111110110001111001000101001101
00111111001001000011000111101011
00111110110001110111001100000010
00111111001001000100101011011011
00111110110001110101010011000101
00111111001001000110001111001000
00111110110001110011011010010110
00111111001001000111110010110000
00111110110001110001100001110100
00111111001001001001010110010101
00111110110001101111101001100000
00111111001001001010111001110111
00111110110001101101110001011001
00111111001001001100011101010100
00111110110001101011111001100000
00111111001001001110000000101110
00111110110001101010000001110101
00111111001001001111100100000100
00111110110001101000001010010111
00111111001001010001000111010110
00111110110001100110010011000110
00111111001001010010101010100100
00111110110001100100011100000011
00111111001001010100001101101111
00111110110001100010100101001110
00111111001001010101110000110110
00111110110001100000101110100101
00111111001001010111010011111001
00111110110001011110111000001010
00111111001001011000110110111001
00111110110001011101000001111100
00111111001001011010011001110101
00111110110001011011001011111100
00111111001001011011111100101101
00111110110001011001010110001000
00111111001001011101011111100010
00111110110001010111100000100010
00111111001001011111000010010010
00111110110001010101101011001001
00111111001001100000100101000000
00111110110001010011110101111101
00111111001001100010000111101001
00111110110001010010000000111110
00111111001001100011101010001111
00111110110001010000001100001100
00111111001001100101001100110001
00111110110001001110010111100111
00111111001001100110101111010000
00111110110001001100100011001111
00111111001001101000010001101011
00111110110001001010101111000100
00111111001001101001110100000010
00111110110001001000111011000101
00111111001001101011010110010110
00111110110001000111000111010100
00111111001001101100111000100110
00111110110001000101010011101111
00111111001001101110011010110010
00111110110001000011100000010111
00111111001001101111111100111011
00111110110001000001101101001011
00111111001001110001011111000000
00111110110000111111111010001100
00111111001001110011000001000010
00111110110000111110000111011010
00111111001001110100100011000000
00111110110000111100010100110101
00111111001001110110000100111010
00111110110000111010100010011100
00111111001001110111100110110001
00111110110000111000110000001111
00111111001001111001001000100100
00111110110000110110111110001111
00111111001001111010101010010100
00111110110000110101001100011100
00111111001001111100001100000000
00111110110000110011011010110101
00111111001001111101101101101001
00111110110000110001101001011010
00111111001001111111001111001110
00111110110000101111111000001100
00111111001010000000110000101111
00111110110000101110000111001010
00111111001010000010010010001101
00111110110000101100010110010100
00111111001010000011110011101000
00111110110000101010100101101010
00111111001010000101010100111111
00111110110000101000110101001101
00111111001010000110110110010010
00111110110000100111000100111100
00111111001010001000010111100010
00111110110000100101010100110110
00111111001010001001111000101111
00111110110000100011100100111101
00111111001010001011011001110111
00111110110000100001110101010001
00111111001010001100111010111101
00111110110000100000000101110000
00111111001010001110011011111111
00111110110000011110010110011011
00111111001010001111111100111101
00111110110000011100100111010010
00111111001010010001011101111000
00111110110000011010111000010101
00111111001010010010111110110000
00111110110000011001001001100100
00111111001010010100011111100100
00111110110000010111011010111111
00111111001010010110000000010100
00111110110000010101101100100101
00111111001010010111100001000001
00111110110000010011111110011000
00111111001010011001000001101011
00111110110000010010010000010110
00111111001010011010100010010001
00111110110000010000100010100000
00111111001010011100000010110100
00111110110000001110110100110101
00111111001010011101100011010011
00111110110000001101000111010111
00111111001010011111000011101111
00111110110000001011011010000011
00111111001010100000100100001000
00111110110000001001101100111100
00111111001010100010000100011101
00111110110000001000000000000000
00111111001010100011100100101111
00111110110000000110010011010000
00111111001010100101000100111101
00111110110000000100100110101011
00111111001010100110100101001000
00111110110000000010111010010001
00111111001010101000000101001111
00111110110000000001001110000011
00111111001010101001100101010100
00111110101111111111100010000001
00111111001010101011000101010100
00111110101111111101110110001010
00111111001010101100100101010010
00111110101111111100001010011110
00111111001010101110000101001100
00111110101111111010011110111101
00111111001010101111100101000010
00111110101111111000110011101000
00111111001010110001000100110110
00111110101111110111001000011110
00111111001010110010100100100110
00111110101111110101011101100000
00111111001010110100000100010010
00111110101111110011110010101100
00111111001010110101100011111011
00111110101111110010001000000100
00111111001010110111000011100001
00111110101111110000011101100111
00111111001010111000100011000100
00111110101111101110110011010100
00111111001010111010000010100011
00111110101111101101001001001101
00111111001010111011100001111111
00111110101111101011011111010001
00111111001010111101000001011000
00111110101111101001110101100000
00111111001010111110100000101101
00111110101111101000001011111011
00111111001010111111111111111111
00111110101111100110100010011111
00111111001011000001011111001110
00111110101111100100111001001111
00111111001011000010111110011001
00111110101111100011010000001010
00111111001011000100011101100001
00111110101111100001100111010000
00111111001011000101111100100110
00111110101111011111111110100000
00111111001011000111011011101000
00111110101111011110010101111100
00111111001011001000111010100110
00111110101111011100101101100010
00111111001011001010011001100001
00111110101111011011000101010011
00111111001011001011111000011001
00111110101111011001011101001110
00111111001011001101010111001110
00111110101111010111110101010100
00111111001011001110110101111111
00111110101111010110001101100101
00111111001011010000010100101101
00111110101111010100100110000001
00111111001011010001110011011000
00111110101111010010111110100111
00111111001011010011010001111111
00111110101111010001010111011000
00111111001011010100110000100100
00111110101111001111110000010011
00111111001011010110001111000101
00111110101111001110001001011001
00111111001011010111101101100011
00111110101111001100100010101001
00111111001011011001001011111101
00111110101111001010111100000100
00111111001011011010101010010101
00111110101111001001010101101001
00111111001011011100001000101001
00111110101111000111101111011001
00111111001011011101100110111010
00111110101111000110001001010011
00111111001011011111000101001000
00111110101111000100100011010111
00111111001011100000100011010011
00111110101111000010111101100110
00111111001011100010000001011010
00111110101111000001010111111111
00111111001011100011011111011111
00111110101110111111110010100010
00111111001011100100111101100000
00111110101110111110001101010000
00111111001011100110011011011110
00111110101110111100101000001000
00111111001011100111111001011001
00111110101110111011000011001010
00111111001011101001010111010000
00111110101110111001011110010110
00111111001011101010110101000101
00111110101110110111111001101100
00111111001011101100010010110110
00111110101110110110010101001100
00111111001011101101110000100101
00111110101110110100110000110111
00111111001011101111001110010000
00111110101110110011001100101011
00111111001011110000101011111000
00111110101110110001101000101010
00111111001011110010001001011100
00111110101110110000000100110011
00111111001011110011100110111110
00111110101110101110100001000101
00111111001011110101000100011101
00111110101110101100111101100010
00111111001011110110100001111000
00111110101110101011011010001000
00111111001011110111111111010001
00111110101110101001110110111001
00111111001011111001011100100110
00111110101110101000010011110011
00111111001011111010111001111000
00111110101110100110110000110111
00111111001011111100010111000111
00111110101110100101001110000101
00111111001011111101110100010011
00111110101110100011101011011101
00111111001011111111010001011100
00111110101110100010001000111110
00111111001100000000101110100010
00111110101110100000100110101001
00111111001100000010001011100101
00111110101110011111000100011110
00111111001100000011101000100100
00111110101110011101100010011101
00111111001100000101000101100001
00111110101110011100000000100101
00111111001100000110100010011010
00111110101110011010011110110111
00111111001100000111111111010001
00111110101110011000111101010011
00111111001100001001011100000100
00111110101110010111011011111000
00111111001100001010111000110101
00111110101110010101111010100111
00111111001100001100010101100010
00111110101110010100011001100000
00111111001100001101110010001100
00111110101110010010111000100001
00111111001100001111001110110100
00111110101110010001010111101101
00111111001100010000101011011000
00111110101110001111110111000010
00111111001100010010000111111001
00111110101110001110010110100000
00111111001100010011100100010111
00111110101110001100110110001000
00111111001100010101000000110011
00111110101110001011010101111001
00111111001100010110011101001011
00111110101110001001110101110100
00111111001100010111111001100000
00111110101110001000010101111000
00111111001100011001010101110010
00111110101110000110110110000101
00111111001100011010110010000001
00111110101110000101010110011100
00111111001100011100001110001101
00111110101110000011110110111100
00111111001100011101101010010111
00111110101110000010010111100101
00111111001100011111000110011101
00111110101110000000111000010111
00111111001100100000100010100000
00111110101101111111011001010011
00111111001100100001111110100000
00111110101101111101111010011000
00111111001100100011011010011110
00111110101101111100011011100110
00111111001100100100110110011000
00111110101101111010111100111101
00111111001100100110010010001111
00111110101101111001011110011101
00111111001100100111101110000100
00111110101101111000000000000111
00111111001100101001001001110101
00111110101101110110100001111001
00111111001100101010100101100100
00111110101101110101000011110101
00111111001100101100000001001111
00111110101101110011100101111001
00111111001100101101011100111000
00111110101101110010001000000111
00111111001100101110111000011110
00111110101101110000101010011101
00111111001100110000010100000001
00111110101101101111001100111101
00111111001100110001101111100000
00111110101101101101101111100110
00111111001100110011001010111101
00111110101101101100010010010111
00111111001100110100100110010111
00111110101101101010110101010001
00111111001100110110000001101111
00111110101101101001011000010100
00111111001100110111011101000011
00111110101101100111111011100001
00111111001100111000111000010100
00111110101101100110011110110101
00111111001100111010010011100011
00111110101101100101000010010011
00111111001100111011101110101110
00111110101101100011100101111010
00111111001100111101001001110111
00111110101101100010001001101001
00111111001100111110100100111100
00111110101101100000101101100001
00111111001100111111111111111111
00111110101101011111010001100010
00111111001101000001011010111111
00111110101101011101110101101011
00111111001101000010110101111100
00111110101101011100011001111101
00111111001101000100010000110111
00111110101101011010111110011000
00111111001101000101101011101110
00111110101101011001100010111100
00111111001101000111000110100011
00111110101101011000000111101000
00111111001101001000100001010100
00111110101101010110101100011101
00111111001101001001111100000011
00111110101101010101010001011010
00111111001101001011010110101111
00111110101101010011110110100000
00111111001101001100110001011000
00111110101101010010011011101110
00111111001101001110001011111110
00111110101101010001000001000101
00111111001101001111100110100010
00111110101101001110111001011000
00111111001101010001101110010000
00111110101101001100000100111001
00111111001101010100100011000110
00111110101101001001010000111011
00111111001101010111010111110000
00111110101101000110011101011111
00111111001101011010001100010000
00111110101101000011101010100100
00111111001101011101000000100100
00111110101101000000111000001011
00111111001101011111110100101101
00111110101100111110000110010010
00111111001101100010101000101011
00111110101100111011010100111010
00111111001101100101011100011110
00111110101100111000100100000011
00111111001101101000010000000110
00111110101100110101110011101101
00111111001101101011000011100010
00111110101100110011000011110111
00111111001101101101110110110100
00111110101100110000010100100001
00111111001101110000101001111011
00111110101100101101100101101100
00111111001101110011011100110111
00111110101100101010110111010110
00111111001101110110001111101000
00111110101100101000001001100000
00111111001101111001000010001110
00111110101100100101011100001010
00111111001101111011110100101001
00111110101100100010101111010100
00111111001101111110100110111001
00111110101100100000000010111100
00111111001110000001011000111111
00111110101100011101010111000100
00111111001110000100001010111010
00111110101100011010101011101011
00111111001110000110111100101010
00111110101100011000000000110001
00111111001110001001101110001111
00111110101100010101010110010110
00111111001110001100011111101010
00111110101100010010101100011001
00111111001110001111010000111010
00111110101100010000000010111011
00111111001110010010000001111111
00111110101100001101011001111011
00111111001110010100110010111010
00111110101100001010110001011001
00111111001110010111100011101011
00111110101100001000001001010101
00111111001110011010010100010000
00111110101100000101100001110000
00111111001110011101000100101100
00111110101100000010111010101000
00111111001110011111110100111101
00111110101100000000010011111101
00111111001110100010100101000011
00111110101011111101101101110001
00111111001110100101010100111111
00111110101011111011001000000001
00111111001110101000000100110001
00111110101011111000100010101111
00111111001110101010110100011000
00111110101011110101111101111010
00111111001110101101100011110101
00111110101011110011011001100010
00111111001110110000010011001000
00111110101011110000110101100110
00111111001110110011000010010000
00111110101011101110010010001000
00111111001110110101110001001111
00111110101011101011101111000110
00111111001110111000100000000011
00111110101011101001001100100000
00111111001110111011001110101101
00111110101011100110101010010111
00111111001110111101111101001100
00111110101011100100001000101010
00111111001111000000101011100010
00111110101011100001100111011001
00111111001111000011011001101101
00111110101011011111000110100100
00111111001111000110000111101111
00111110101011011100100110001011
00111111001111001000110101100110
00111110101011011010000110001101
00111111001111001011100011010100
00111110101011010111100110101011
00111111001111001110010000110111
00111110101011010101000111100100
00111111001111010000111110010001
00111110101011010010101000111001
00111111001111010011101011100000
00111110101011010000001010101001
00111111001111010110011000100110
00111110101011001101101100110100
00111111001111011001000101100001
00111110101011001011001111011010
00111111001111011011110010010011
00111110101011001000110010011010
00111111001111011110011110111011
00111110101011000110010101110110
00111111001111100001001011011010
00111110101011000011111001101100
00111111001111100011110111101110
00111110101011000001011101111100
00111111001111100110100011111001
00111110101010111111000010100111
00111111001111101001001111111010
00111110101010111100100111101100
00111111001111101011111011110001
00111110101010111010001101001100
00111111001111101110100111011111
00111110101010110111110011000101
00111111001111110001010011000011
00111110101010110101011001011000
00111111001111110011111110011101
00111110101010110011000000000101
00111111001111110110101001101110
00111110101010110000100111001100
00111111001111111001010100110101
00111110101010101110001110101100
00111111001111111011111111110011
00111110101010101011110110100101
00111111001111111110101010100111
00111110101010101001011110111000
00111111010000000001010101010010
00111110101010100111000111100101
00111111010000000011111111110011
00111110101010100100110000101010
00111111010000000110101010001011
00111110101010100010011010001000
00111111010000001001010100011001
00111110101010100000000011111111
00111111010000001011111110011110
00111110101010011101101110001111
00111111010000001110101000011010
00111110101010011011011000111000
00111111010000010001010010001100
00111110101010011001000011111001
00111111010000010011111011110101
00111110101010010110101111010011
00111111010000010110100101010100
00111110101010010100011011000101
00111111010000011001001110101011
00111110101010010010000111010000
00111111010000011011110111111000
00111110101010001111110011110010
00111111010000011110100000111100
00111110101010001101100000101101
00111111010000100001001001110110
00111110101010001011001110000000
00111111010000100011110010101000
00111110101010001000111011101010
00111111010000100110011011010000
00111110101010000110101001101100
00111111010000101001000011101111
00111110101010000100011000000110
00111111010000101011101100000101
00111110101010000010000110111000
00111111010000101110010100010010
00111110101001111111110110000001
00111111010000110000111100010110
00111110101001111101100101100001
00111111010000110011100100010001
00111110101001111011010101011000
00111111010000110110001100000011
00111110101001111001000101100111
00111111010000111000110011101100
00111110101001110110110110001101
00111111010000111011011011001100
00111110101001110100100111001010
00111111010000111110000010100010
00111110101001110010011000011101
00111111010001000000101001110000
00111110101001110000001010001000
00111111010001000011010000110110
00111110101001101101111100001001
00111111010001000101110111110010
00111110101001101011101110100000
00111111010001001000011110100101
00111110101001101001100001001111
00111111010001001011000101010000
00111110101001100111010100010011
00111111010001001101101011110001
00111110101001100101000111101110
00111111010001010000010010001010
00111110101001100010111011011111
00111111010001010010111000011010
00111110101001100000101111100111
00111111010001010101011110100010
00111110101001011110100100000100
00111111010001011000000100100000
00111110101001011100011000110111
00111111010001011010101010010110
00111110101001011010001110000000
00111111010001011101010000000011
00111110101001011000000011011111
00111111010001011111110101101000
00111110101001010101111001010100
00111111010001100010011011000100
00111110101001010011101111011110
00111111010001100101000000010111
00111110101001010001100101111110
00111111010001100111100101100010
00111110101001001111011100110011
00111111010001101010001010100100
00111110101001001101010011111101
00111111010001101100101111011101
00111110101001001011001011011101
00111111010001101111010100001110
00111110101001001001000011010010
00111111010001110001111000110111
00111110101001000110111011011100
00111111010001110100011101010111
00111110101001000100110011111011
00111111010001110111000001101110
00111110101001000010101100101111
00111111010001111001100101111101
00111110101001000000100101110111
00111111010001111100001010000100
00111110101000111110011111010101
00111111010001111110101110000010
00111110101000111100011001000111
00111111010010000001010001111000
00111110101000111010010011001101
00111111010010000011110101100101
00111110101000111000001101101000
00111111010010000110011001001010
00111110101000110110001000011000
00111111010010001000111100100111
00111110101000110100000011011100
00111111010010001011011111111011
00111110101000110001111110110100
00111111010010001110000011000111
00111110101000101111111010100000
00111111010010010000100110001011
00111110101000101101110110100001
00111111010010010011001001000111
00111110101000101011110010110101
00111111010010010101101011111010
00111110101000101001101111011101
00111111010010011000001110100101
00111110101000100111101100011010
00111111010010011010110001001000
00111110101000100101101001101001
00111111010010011101010011100011
00111110101000100011100111001101
00111111010010011111110101110101
00111110101000100001100101000100
00111111010010100010010111111111
00111110101000011111100011001111
00111111010010100100111010000010
00111110101000011101100001101101
00111111010010100111011011111100
00111110101000011011100000011111
00111111010010101001111101101110
00111110101000011001011111100100
00111111010010101100011111011000
00111110101000010111011110111100
00111111010010101111000000111010
00111110101000010101011110101000
00111111010010110001100010010100
00111110101000010011011110100110
00111111010010110100000011100110
00111110101000010001011110111000
00111111010010110110100100110000
00111110101000001111011111011100
00111111010010111001000101110010
00111110101000001101100000010011
00111111010010111011100110101100
00111110101000001011100001011110
00111111010010111110000111011110
00111110101000001001100010111010
00111111010011000000101000001000
00111110101000000111100100101010
00111111010011000011001000101010
00111110101000000101100110101100
00111111010011000101101001000100
00111110101000000011101001000001
00111111010011001000001001010111
00111110101000000001101011101000
00111111010011001010101001100010
00111110100111111111101110100001
00111111010011001101001001100100
00111110100111111101110001101101
00111111010011001111101001011111
00111110100111111011110101001011
00111111010011010010001001010011
00111110100111111001111000111011
00111111010011010100101000111110
00111110100111110111111100111101
00111111010011010111001000100010
00111110100111110110000001010001
00111111010011011001100111111110
00111110100111110100000101110111
00111111010011011100000111010010
00111110100111110010001010101111
00111111010011011110100110011110
00111110100111110000001111111001
00111111010011100001000101100011
00111110100111101110010101010101
00111111010011100011100100100000
00111110100111101100011011000010
00111111010011100110000011010110
00111110100111101010100001000001
00111111010011101000100010000100
00111110100111101000100111010010
00111111010011101011000000101010
00111110100111100110101101110100
00111111010011101101011111001001
00111110100111100100110100100111
00111111010011101111111101100000
00111110100111100010111011101100
00111111010011110010011011101111
00111110100111100001000011000010
00111111010011110100111001110111
00111110100111011111001010101001
00111111010011110111010111111000
00111110100111011101010010100001
00111111010011111001110101110001
00111110100111011011011010101011
00111111010011111100010011100010
00111110100111011001100011000110
00111111010011111110110001001100
00111110100111010111101011110001
00111111010100000001001110101110
00111110100111010101110100101110
00111111010100000011101100001001
00111110100111010011111101111011
00111111010100000110001001011101
00111110100111010010000111011001
00111111010100001000100110101001
00111110100111010000010001001000
00111111010100001011000011101110
00111110100111001110011011001000
00111111010100001101100000101011
00111110100111001100100101011000
00111111010100001111111101100001
00111110100111001010101111111000
00111111010100010010011010010000
00111110100111001000111010101010
00111111010100010100110110110111
00111110100111000111000101101011
00111111010100010111010011010111
00111110100111000101010000111101
00111111010100011001101111110000
00111110100111000011011100011111
00111111010100011100001100000010
00111110100111000001101000010010
00111111010100011110101000001100
00111110100110111111110100010100
00111111010100100001000100001111
00111110100110111110000000100111
00111111010100100011100000001010
00111110100110111100001101001010
00111111010100100101111011111111
00111110100110111010011001111101
00111111010100101000010111101100
00111110100110111000100111000000
00111111010100101010110011010010
00111110100110110110110100010011
00111111010100101101001110110001
00111110100110110101000001110101
00111111010100101111101010001000
00111110100110110011001111101000
00111111010100110010000101011001
00111110100110110001011101101010
00111111010100110100100000100010
00111110100110101111101011111011
00111111010100110110111011100101
00111110100110101101111010011101
00111111010100111001010110100000
00111110100110101100001001001110
00111111010100111011110001010100
00111110100110101010011000001110
00111111010100111110001100000001
00111110100110101000100111011110
00111111010101000000100110100111
00111110100110100110110110111101
00111111010101000011000001000110
00111110100110100101000110101100
00111111010101000101011011011110
00111110100110100011010110101010
00111111010101000111110101101111
00111110100110100001100110110111
00111111010101001010001111111001
00111110100110011111110111010011
00111111010101001100101001111100
00111110100110011110000111111110
00111111010101001111000011111000
00111110100110011100011000111001
00111111010101010001011101101101
00111110100110011010101010000010
00111111010101010011110111011011
00111110100110011000111011011011
00111111010101010110010001000010
00111110100110010111001101000010
00111111010101011000101010100010
00111110100110010101011110111000
00111111010101011011000011111100
00111110100110010011110000111101
00111111010101011101011101001110
00111110100110010010000011010001
00111111010101011111110110011010
00111110100110010000010101110100
00111111010101100010001111011111
00111110100110001110101000100101
00111111010101100100101000011101
00111110100110001100111011100101
00111111010101100111000001010100
00111110100110001011001110110011
00111111010101101001011010000100
00111110100110001001100010010000
00111111010101101011110010101110
00111110100110000111110101111011
00111111010101101110001011010000
00111110100110000110001001110100
00111111010101110000100011101100
00111110100110000100011101111100
00111111010101110010111100000010
00111110100110000010110010010011
00111111010101110101010100010000
00111110100110000001000110110111
00111111010101110111101100011000
00111110100101111111011011101010
00111111010101111010000100011001
00111110100101111101110000101011
00111111010101111100011100010011
00111110100101111100000101111010
00111111010101111110110100000111
00111110100101111010011011010111
00111111010110000001001011110100
00111110100101111000110001000010
00111111010110000011100011011010
00111110100101110111000110111011
00111111010110000101111010111010
00111110100101110101011101000010
00111111010110001000010010010011
00111110100101110011110011010110
00111111010110001010101001100110
00111110100101110010001001111001
00111111010110001101000000110010
00111110100101110000100000101001
00111111010110001111010111110111
00111110100101101110110111101000
00111111010110010001101110110110
00111110100101101101001110110011
00111111010110010100000101101110
00111110100101101011100110001101
00111111010110010110011100100000
00111110100101101001111101110100
00111111010110011000110011001011
00111110100101101000010101101000
00111111010110011011001001101111
00111110100101100110101101101010
00111111010110011101100000001110
00111110100101100101000101111010
00111111010110011111110110100101
00111110100101100011011110010110
00111111010110100010001100110110
00111110100101100001110111000001
00111111010110100100100011000001
00111110100101100000001111111000
00111111010110100110111001000101
00111110100101011110101000111101
00111111010110101001001111000011
00111110100101011101000010001111
00111111010110101011100100111010
00111110100101011011011011101110
00111111010110101101111010101011
00111110100101011001110101011010
00111111010110110000010000010110
00111110100101011000001111010100
00111111010110110010100101111010
00111110100101010110101001011010
00111111010110110100111011011000
00111110100101010101000011101110
00111111010110110111010000101111
00111110100101010011011110001110
00111111010110111001100110000000
00111110100101010001111000111100
00111111010110111011111011001011
00111110100101010000010011110110
00111111010110111110010000001111
00111110100101001110101110111101
00111111010111000000100101001101
00111110100101001101001010010001
00111111010111000010111010000101
00111110100101001011100101110001
00111111010111000101001110110111
00111110100101001010000001011111
00111111010111000111100011100010
00111110100101001000011101011000
00111111010111001001111000000111
00111110100101000110111001011111
00111111010111001100001100100110
00111110100101000101010101110010
00111111010111001110100000111110
00111110100101000011110010010010
00111111010111010000110101010000
00111110100101000010001110111110
00111111010111010011001001011100
00111110100101000000101011110111
00111111010111010101011101100010
00111110100100111111001000111100
00111111010111010111110001100010
00111110100100111101100110001101
00111111010111011010000101011011
00111110100100111100000011101011
00111111010111011100011001001111
00111110100100111010100001010101
00111111010111011110101100111100
00111110100100111000111111001100
00111111010111100001000000100011
00111110100100110111011101001110
00111111010111100011010100000100
00111110100100110101111011011101
00111111010111100101100111011110
00111110100100110100011001111000
00111111010111100111111010110011
00111110100100110010111000011111
00111111010111101010001110000010
00111110100100110001010111010010
00111111010111101100100001001010
00111110100100101111110110010001
00111111010111101110110100001101
00111110100100101110010101011100
00111111010111110001000111001001
00111110100100101100110100110011
00111111010111110011011001111111
00111110100100101011010100010110
00111111010111110101101100110000
00111110100100101001110100000100
00111111010111110111111111011010
00111110100100101000010011111111
00111111010111111010010001111110
00111110100100100110110100000101
00111111010111111100100100011100
00111110100100100101010100011000
00111111010111111110110110110101
00111110100100100011110100110101
00111111011000000001001001000111
00111110100100100010010101011111
00111111011000000011011011010011
00111110100100100000110110010100
00111111011000000101101101011010
00111110100100011111010111010101
00111111011000000111111111011010
00111110100100011101111000100001
00111111011000001010010001010101
00111110100100011100011001111001
00111111011000001100100011001001
00111110100100011010111011011101
00111111011000001110110100111000
00111110100100011001011101001011
00111111011000010001000110100001
00111110100100010111111111000110
00111111011000010011011000000011
00111110100100010110100001001011
00111111011000010101101001100000
00111110100100010101000011011100
00111111011000010111111010111000
00111110100100010011100101111001
00111111011000011010001100001001
00111110100100010010001000100000
00111111011000011100011101010100
00111110100100010000101011010011
00111111011000011110101110011010
00111110100100001111001110010001
00111111011000100000111111011010
00111110100100001101110001011010
00111111011000100011010000010100
00111110100100001100010100101111
00111111011000100101100001001000
00111110100100001010111000001110
00111111011000100111110001110110
00111110100100001001011011111001
00111111011000101010000010011111
00111110100100000111111111101110
00111111011000101100010011000010
00111110100100000110100011101111
00111111011000101110100011011111
00111110100100000101000111111010
00111111011000110000110011110110
00111110100100000011101100010001
00111111011000110011000100001000
00111110100100000010010000110010
00111111011000110101010100010100
00111110100100000000110101011110
00111111011000110111100100011010
00111110100011111111011010010101
00111111011000111001110100011011
00111110100011111101111111010111
00111111011000111100000100010101
00111110100011111100100100100100
00111111011000111110010100001010
00111110100011111011001001111011
00111111011001000000100011111010
00111110100011111001101111011101
00111111011001000010110011100100
00111110100011111000010101001010
00111111011001000101000011001000
00111110100011110110111011000001
00111111011001000111010010100110
00111110100011110101100001000011
00111111011001001001100001111111
00111110100011110100000111010000
00111111011001001011110001010011
00111110100011110010101101100111
00111111011001001110000000100000
00111110100011110001010100001000
00111111011001010000001111101000
00111110100011101111111010110101
00111111011001010010011110101011
00111110100011101110100001101011
00111111011001010100101101101000
00111110100011101101001000101100
00111111011001010110111100011111
00111110100011101011101111110111
00111111011001011001001011010001
00111110100011101010010111001101
00111111011001011011011001111101
00111110100011101000111110101101
00111111011001011101101000100100
00111110100011100111100110010111
00111111011001011111110111000101
00111110100011100110001110001011
00111111011001100010000101100000
00111110100011100100110110001010
00111111011001100100010011110111
00111110100011100011011110010011
00111111011001100110100010000111
00111110100011100010000110100110
00111111011001101000110000010010
00111110100011100000101111000011
00111111011001101010111110011000
00111110100011011111010111101010
00111111011001101101001100011000
00111110100011011110000000011100
00111111011001101111011010010011
00111110100011011100101001010111
00111111011001110001101000001000
00111110100011011011010010011100
00111111011001110011110101111000
00111110100011011001111011101100
00111111011001110110000011100011
00111110100011011000100101000101
00111111011001111000010001001000
00111110100011010111001110101000
00111111011001111010011110100111
00111110100011010101111000010101
00111111011001111100101100000001
00111110100011010100100010001100
00111111011001111110111001010110
00111110100011010011001100001101
00111111011010000001000110100110
00111110100011010001110110011000
00111111011010000011010011110000
00111110100011010000100000101100
00111111011010000101100000110101
00111110100011001111001011001010
00111111011010000111101101110100
00111110100011001101110101110010
00111111011010001001111010101110
00111110100011001100100000100011
00111111011010001100000111100011
00111110100011001011001011011111
00111111011010001110010100010010
00111110100011001001110110100011
00111111011010010000100000111100
00111110100011001000100001110010
00111111011010010010101101100001
00111110100011000111001101001010
00111111011010010100111010000000
00111110100011000101111000101011
00111111011010010111000110011010
00111110100011000100100100010110
00111111011010011001010010101111
00111110100011000011010000001011
00111111011010011011011110111111
00111110100011000001111100001001
00111111011010011101101011001001
00111110100011000000101000010000
00111111011010011111110111001111
00111110100010111111010100100001
00111111011010100010000011001110
00111110100010111110000000111011
00111111011010100100001111001001
00111110100010111100101101011111
00111111011010100110011010111111
00111110100010111011011010001100
00111111011010101000100110101111
00111110100010111010000111000010
00111111011010101010110010011010
00111110100010111000110100000001
00111111011010101100111110000000
00111110100010110111100001001010
00111111011010101111001001100000
00111110100010110110001110011100
00111111011010110001010100111100
00111110100010110100111011110111
00111111011010110011100000010010
00111110100010110011101001011011
00111111011010110101101011100011
00111110100010110010010111001000
00111111011010110111110110101111
00111110100010110001000100111111
00111111011010111010000001110110
00111110100010101111110010111110
00111111011010111100001100111000
00111110100010101110100001000111
00111111011010111110010111110101
00111110100010101101001111011001
00111111011011000000100010101100
00111110100010101011111101110011
00111111011011000010101101011111
00111110100010101010101100010111
00111111011011000100111000001100
00111110100010101001011011000011
00111111011011000111000010110100
00111110100010101000001001111001
00111111011011001001001101010111
00111110100010100110111000110111
00111111011011001011010111110101
00111110100010100101100111111111
00111111011011001101100010001110
00111110100010100100010111001111
00111111011011001111101100100010
00111110100010100011000110101000
00111111011011010001110110110001
00111110100010100001110110001010
00111111011011010100000000111011
00111110100010100000100101110100
00111111011011010110001011000000
00111110100010011111010101100111
00111111011011011000010101000000
00111110100010011110000101100011
00111111011011011010011110111011
00111110100010011100110101101000
00111111011011011100101000110001
00111110100010011011100101110110
00111111011011011110110010100001
00111110100010011010010110001100
00111111011011100000111100001101
00111110100010011001000110101010
00111111011011100011000101110100
00111110100010010111110111010010
00111111011011100101001111010110
00111110100010010110101000000001
00111111011011100111011000110011
00111110100010010101011000111010
00111111011011101001100010001011
00111110100010010100001001111011
00111111011011101011101011011110
00111110100010010010111011000100
00111111011011101101110100101100
00111110100010010001101100010110
00111111011011101111111101110110
00111110100010010000011101110001
00111111011011110010000110111010
00111110100010001111001111010011
00111111011011110100001111111001
00111110100010001110000000111111
00111111011011110110011000110100
00111110100010001100110010110010
00111111011011111000100001101010
00111110100010001011100100101110
00111111011011111010101010011010
00111110100010001010010110110011
00111111011011111100110011000110
00111110100010001001001000111111
00111111011011111110111011101101
00111110100010000111111011010100
00111111011100000001000100001111
00111110100010000110101101110010
00111111011100000011001100101101
00111110100010000101100000010111
00111111011100000101010101000101
00111110100010000100010011000101
00111111011100000111011101011001
00111110100010000011000101111011
00111111011100001001100101100111
00111110100010000001111000111001
00111111011100001011101101110001
00111110100010000000101011111111
00111111011100001101110101110110
00111110100001111111011111001110
00111111011100001111111101110111
00111110100001111110010010100100
00111111011100010010000101110010
00111110100001111101000110000011
00111111011100010100001101101001
00111110100001111011111001101001
00111111011100010110010101011011
00111110100001111010101101011000
00111111011100011000011101001000
00111110100001111001100001001111
00111111011100011010100100110001
00111110100001111000010101001110
00111111011100011100101100010101
00111110100001110111001001010100
00111111011100011110110011110011
00111110100001110101111101100011
00111111011100100000111011001110
00111110100001110100110001111010
00111111011100100011000010100011
00111110100001110011100110011000
00111111011100100101001001110100
00111110100001110010011010111111
00111111011100100111010001000000
00111110100001110001001111101101
00111111011100101001011000000111
00111110100001110000000100100011
00111111011100101011011111001010
00111110100001101110111001100001
00111111011100101101100110001000
00111110100001101101101110100111
00111111011100101111101101000001
00111110100001101100100011110101
00111111011100110001110011110110
00111110100001101011011001001010
00111111011100110011111010100110
00111110100001101010001110100111
00111111011100110110000001010001
00111110100001101001000100001100
00111111011100111000000111110111
00111110100001100111111001111001
00111111011100111010001110011001
00111110100001100110101111101101
00111111011100111100010100110111
00111110100001100101100101101001
00111111011100111110011011001111
00111110100001100100011011101100
00111111011101000000100001100011
00111110100001100011010001111000
00111111011101000010100111110011
00111110100001100010001000001010
00111111011101000100101101111110
00111110100001100000111110100101
00111111011101000110110100000100
00111110100001011111110101000111
00111111011101001000111010000101
00111110100001011110101011110000
00111111011101001011000000000011
00111110100001011101100010100001
00111111011101001101000101111011
00111110100001011100011001011010
00111111011101001111001011101111
00111110100001011011010000011010
00111111011101010001010001011110
00111110100001011010000111100001
00111111011101010011010111001001
00111110100001011000111110110000
00111111011101010101011100101111
00111110100001010111110110000110
00111111011101010111100010010001
00111110100001010110101101100100
00111111011101011001100111101110
00111110100001010101100101001001
00111111011101011011101101000110
00111110100001010100011100110101
00111111011101011101110010011011
00111110100001010011010100101001
00111111011101011111110111101010
00111110100001010010001100100100
00111111011101100001111100110101
00111110100001010001000100100111
00111111011101100100000001111100
00111110100001001111111100110000
00111111011101100110000110111110
00111110100001001110110101000001
00111111011101101000001011111011
00111110100001001101101101011010
00111111011101101010010000110100
00111110100001001100100101111001
00111111011101101100010101101001
00111110100001001011011110100000
00111111011101101110011010011001
00111110100001001010010111001101
00111111011101110000011111000101
00111110100001001001010000000010
00111111011101110010100011101100
00111110100001001000001000111111
00111111011101110100101000001111
00111110100001000111000010000010
00111111011101110110101100101101
00111110100001000101111011001100
00111111011101111000110001000111
00111110100001000100110100011110
00111111011101111010110101011100
00111110100001000011101101110110
00111111011101111100111001101110
00111110100001000010100111010110
00111111011101111110111101111010
00111110100001000001100000111101
00111111011110000001000010000010
00111110100001000000011010101010
00111111011110000011000110000110
00111110100000111111010100011111
00111111011110000101001010000110
00111110100000111110001110011011
00111111011110000111001110000001
00111110100000111101001000011110
00111111011110001001010001111000
00111110100000111100000010100111
00111111011110001011010101101010
00111110100000111010111100111000
00111111011110001101011001011000
00111110100000111001110111001111
00111111011110001111011101000010
00111110100000111000110001101110
00111111011110010001100000100111
00111110100000110111101100010011
00111111011110010011100100001000
00111110100000110110100110111111
00111111011110010101100111100100
00111110100000110101100001110010
00111111011110010111101010111101
00111110100000110100011100101100
00111111011110011001101110010001
00111110100000110011010111101100
00111111011110011011110001100000
00111110100000110010010010110100
00111111011110011101110100101100
00111110100000110001001110000010
00111111011110011111110111110011
00111110100000110000001001010111
00111111011110100001111010110101
00111110100000101111000100110010
00111111011110100011111101110100
00111110100000101110000000010101
00111111011110100110000000101110
00111110100000101100111011111110
00111111011110101000000011100100
00111110100000101011110111101110
00111111011110101010000110010101
00111110100000101010110011100100
00111111011110101100001001000011
00111110100000101001101111100001
00111111011110101110001011101100
00111110100000101000101011100101
00111111011110110000001110010001
00111110100000100111100111101111
00111111011110110010010000110001
00111110100000100110100100000000
00111111011110110100010011001110
00111110100000100101100000011000
00111111011110110110010101100110
00111110100000100100011100110110
00111111011110111000010111111010
00111110100000100011011001011010
00111111011110111010011010001001
00111110100000100010010110000110
00111111011110111100011100010101
00111110100000100001010010110111
00111111011110111110011110011100
00111110100000100000001111101111
00111111011111000000100000011111
00111110100000011111001100101110
00111111011111000010100010011110
00111110100000011110001001110011
00111111011111000100100100011001
00111110100000011101000110111111
00111111011111000110100110001111
00111110100000011100000100010001
00111111011111001000101000000010
00111110100000011011000001101010
00111111011111001010101001110000
00111110100000011001111111001000
00111111011111001100101011011010
00111110100000011000111100101110
00111111011111001110101101000000
00111110100000010111111010011001
00111111011111010000101110100010
00111110100000010110111000001011
00111111011111010010101111111111
00111110100000010101110110000100
00111111011111010100110001011001
00111110100000010100110100000010
00111111011111010110110010101110
00111110100000010011110010000111
00111111011111011000110011111111
00111110100000010010110000010011
00111111011111011010110101001100
00111110100000010001101110100100
00111111011111011100110110010101
00111110100000010000101100111100
00111111011111011110110111011010
00111110100000001111101011011010
00111111011111100000111000011011
00111110100000001110101001111111
00111111011111100010111001010111
00111110100000001101101000101001
00111111011111100100111010010000
00111110100000001100100111011010
00111111011111100110111011000101
00111110100000001011100110010001
00111111011111101000111011110101
00111110100000001010100101001110
00111111011111101010111100100001
00111110100000001001100100010001
00111111011111101100111101001010
00111110100000001000100011011011
00111111011111101110111101101110
00111110100000000111100010101010
00111111011111110000111110001110
00111110100000000110100010000000
00111111011111110010111110101010
00111110100000000101100001011011
00111111011111110100111111000010
00111110100000000100100000111101
00111111011111110110111111010110
00111110100000000011100000100101
00111111011111111000111111100110
00111110100000000010100000010011
00111111011111111010111111110010
00111110100000000001100000000111
00111111011111111100111111111010
00111110100000000000100000000001
00111111011111111110111111111110